[header]
width=20
height=20
tilewidth=16
tileheight=16
orientation=orthogonal

[tilesets]
tileset=Textures/tiles.png,16,16,0,0

[layer]
type=Ground
data=
2049,2050,2051,2051,2051,2050,2050,2051,2051,2050,2051,2051,2050,2051,2051,2050,2051,2051,2051,2052,
2113,2114,2178,2179,2179,2115,2115,2178,2114,2179,2115,2115,2178,2179,2114,2114,2179,2178,2178,2180,
2113,2178,2114,2114,2115,2115,2115,2114,2178,2115,2114,2178,2114,2179,2179,2178,2178,2178,2178,2180,
2177,2115,2114,2114,2178,2179,2115,2114,2115,2115,2178,2178,2115,2114,2179,2114,2178,2114,2115,2116,
2177,2115,2114,2114,2114,2115,2114,2179,2114,2115,2114,2114,2115,2178,2178,2114,2115,2179,2179,2116,
2113,2179,2115,2114,2179,2114,2178,2114,2114,2114,2178,2178,2114,2115,2115,2115,2114,2179,2179,2180,
2177,2115,2178,2178,2178,2178,2178,2115,2179,2115,2115,2178,2179,2178,2178,2178,2178,2115,2114,2180,
2113,2115,2179,2179,2115,2115,2178,2179,2178,2114,2114,2179,2179,2115,2179,2178,2114,2178,2115,2180,
2113,2115,2114,2114,2179,2178,2179,2179,2179,2179,2115,2115,2115,2178,2115,2178,2115,2179,2115,2116,
2113,2179,2114,2178,2179,2114,2114,2115,2178,2114,2115,2178,2179,2178,2115,2179,2115,2179,2114,2180,
2113,2178,2114,2114,2178,2179,2114,2179,2178,2178,2178,2114,2114,2114,2114,2114,2179,2179,2115,2180,
2177,2115,2114,2178,2179,2178,2115,2178,2178,2114,2114,2178,2178,2178,2115,2178,2178,2179,2179,2116,
2177,2178,2178,2114,2179,2178,2179,2115,2114,2114,2114,2179,2179,2114,2179,2178,2114,2115,2179,2180,
2113,2114,2115,2115,2115,2179,2179,2114,2179,2178,2179,2178,2178,2114,2115,2114,2114,2178,2178,2180,
2177,2179,2115,2115,2178,2114,2115,2114,2114,2115,2115,2178,2179,2115,2114,2115,2178,2179,2115,2116,
2177,2115,2179,2114,2115,2178,2115,2114,2178,2179,2115,2178,2115,2178,2178,2178,2178,2115,2115,2116,
2177,2114,2178,2114,2178,2179,2115,2178,2114,2115,2114,2178,2178,2115,2115,2114,2178,2114,2179,2180,
2177,2179,2179,2114,2178,2115,2114,2178,2178,2114,2114,2114,2115,2114,2115,2114,2178,2114,2115,2116,
2113,2179,2114,2114,2115,2178,2178,2178,2179,2115,2178,2114,2179,2114,2114,2178,2178,2114,2178,2116,
1985,2242,2242,2243,2242,2243,2243,2242,2243,2242,2242,2242,2242,2243,2243,2242,2243,2242,2242,1986

[layer]
type=Decoration
data=
0,0,0,0,0,0,0,0,0,0,0,0,0,0,0,0,0,0,0,0,
0,0,0,0,0,0,0,0,0,0,0,0,0,0,0,0,0,0,0,0,
0,0,0,0,0,0,0,0,0,0,0,0,0,0,0,0,0,0,0,0,
0,0,0,0,0,0,0,0,0,0,0,0,0,0,0,0,0,0,0,0,
0,0,0,0,0,0,0,0,0,0,0,0,0,0,0,0,0,0,0,0,
0,0,0,0,0,0,0,0,0,0,0,0,0,0,0,0,0,0,0,0,
0,0,0,0,0,0,0,0,0,0,0,0,0,0,0,0,0,0,0,0,
0,0,0,0,0,0,0,0,0,0,0,0,0,0,0,0,0,0,0,0,
0,0,0,0,0,0,0,0,0,0,0,0,0,0,0,0,0,0,0,0,
0,0,0,0,0,0,0,0,0,0,0,0,0,0,0,0,0,0,0,0,
0,0,0,0,0,0,0,0,0,0,0,0,0,0,0,0,0,0,0,0,
0,0,0,0,0,0,0,0,0,0,0,0,0,0,0,0,0,0,0,0,
0,0,0,0,0,0,0,0,0,0,0,0,0,0,0,0,0,0,0,0,
0,0,0,0,0,0,0,0,0,0,0,0,0,0,0,0,0,0,0,0,
0,0,0,0,0,0,0,0,0,0,0,0,0,0,0,0,0,0,0,0,
0,0,0,0,0,0,0,0,0,0,0,0,0,0,0,0,0,0,0,0,
0,0,0,0,0,0,0,0,0,0,0,0,0,0,0,0,0,0,0,0,
0,0,0,0,0,0,0,0,0,0,0,0,0,0,4101,4102,0,0,0,0,
0,0,0,0,0,0,0,0,0,0,0,0,0,0,4165,4166,0,0,0,0,
0,0,0,0,0,0,0,0,0,0,0,0,0,0,0,0,0,0,0,0

[layer]
type=Collision
data=
0,0,0,0,0,0,0,0,0,0,0,0,0,0,0,0,0,0,0,0,
1447,1446,1447,1447,1447,1447,1447,1446,1447,1447,1447,1447,1447,1447,1447,1447,1447,1447,1447,1447,
1510,1510,1510,1510,1510,1510,1510,1510,1510,1510,1510,1510,1510,1510,1510,1510,1510,1510,1510,1510,
1575,1574,1510,1510,1510,1510,1575,1511,1510,1575,1574,1511,1510,1511,1511,1575,1574,1511,1511,1575,
1510,1574,1510,1574,1510,1575,1574,1574,1574,1510,1511,1511,1574,1510,1511,1511,1511,1511,1510,1575,
1639,1639,1639,1638,1638,1638,1639,1639,1638,1639,1639,1638,1639,1638,1638,1639,1638,1638,1638,1639,
1702,1703,1702,1703,1702,1703,1702,1702,1703,1702,1703,1702,1703,1702,1703,1702,1703,1702,1702,1703,
1766,1767,1766,1767,1766,1767,1766,1766,1767,1766,1767,1766,1767,1766,1767,1766,1767,1766,1766,1767,
1830,1831,1830,1831,1830,1831,1830,1830,1831,1830,1831,1830,1831,1830,1831,1830,1831,1830,1830,1831,
1831,1830,1766,1766,1831,1830,1766,1766,1830,1766,1767,1831,1767,1830,1767,1767,1831,1830,1831,1766,
1831,1831,1830,1831,1830,1766,1830,1830,1767,1767,1766,1830,1831,1831,1767,1831,1767,1830,1767,1766,
1894,1894,1894,1895,1895,1895,1894,1894,1894,1894,1894,1894,1894,1895,1895,1894,1894,1895,1894,1895,
0,0,0,0,0,0,0,0,0,0,0,0,0,0,0,0,0,0,0,0,
0,0,0,0,0,0,0,0,0,0,0,0,0,0,0,0,0,3975,3976,0,
0,0,0,0,0,0,0,0,0,0,0,0,0,0,0,0,0,4039,4040,0,
0,0,0,0,0,0,0,0,0,0,0,0,0,0,0,0,0,0,0,0,
0,0,0,0,0,0,0,7989,7990,7991,7992,0,0,0,0,0,0,0,0,0,
0,0,0,0,0,0,0,8053,8054,8055,8056,0,0,0,0,0,0,0,0,0,
7739,7740,0,0,7739,7740,0,0,0,0,0,0,0,0,7739,7740,0,0,7739,7740,
7803,7804,0,0,7803,7804,0,0,0,0,0,0,0,0,7803,7804,0,0,7803,7804

[layer]
type=Deco_s_collision
data=
0,0,0,0,0,0,0,0,0,0,0,0,0,0,0,0,0,0,0,0,
7829,7830,7701,7701,7701,7701,7701,7701,7701,7701,7701,7701,7701,7701,7701,7701,7701,7702,7831,7832,
7893,7894,7765,7765,7765,7765,7765,7765,7765,7765,7765,7765,7765,7765,7765,7765,7765,7766,7895,7896,
7957,7958,7700,7700,7700,7700,7700,7700,7700,7700,7700,7700,7700,7700,7700,7700,7700,7700,7959,7960,
8021,8022,7764,7764,7764,7764,7764,7764,7764,7764,7764,7764,7764,7764,7764,7764,7764,7764,8023,8024,
0,0,0,0,0,0,0,0,0,0,0,0,0,0,0,0,0,0,0,0,
0,0,0,0,0,0,0,0,0,0,0,0,0,0,0,0,7823,7824,0,0,
0,0,0,0,0,0,0,0,0,0,0,0,0,0,0,0,7887,7888,0,0,
0,7823,7824,0,0,7811,7812,0,0,7823,7824,0,0,0,0,0,7951,7952,5131,5132,
0,7887,7888,0,0,7875,7876,0,0,7887,7888,0,0,0,0,0,8015,8016,5195,5196,
0,7951,7952,0,0,7939,7940,0,0,7951,7952,0,0,7707,7708,0,0,0,5259,5260,
0,8015,8016,0,0,8003,8004,0,0,8015,8016,0,0,7771,7772,0,0,0,5323,5324,
0,0,0,0,0,0,0,0,0,0,0,0,0,0,0,0,0,0,0,0,
0,0,0,0,0,0,0,0,0,0,0,0,0,0,0,0,0,0,0,0,
0,0,0,0,0,0,0,7861,7862,7863,7864,0,0,0,0,0,0,0,0,0,
0,0,0,0,0,0,0,7925,7926,7927,7928,0,0,0,0,0,0,0,0,0,
0,0,0,0,0,0,0,0,0,0,0,0,0,0,0,0,0,0,0,0,
0,0,0,0,0,0,0,0,0,0,0,0,0,0,0,0,0,0,0,0,
0,0,0,0,0,0,0,0,0,0,0,7471,7472,0,0,0,0,0,0,0,
0,0,0,0,0,0,0,0,0,0,0,7535,7536,0,0,0,0,0,0,0

[layer]
type=Foreground
data=
0,0,0,0,0,0,0,0,0,0,0,0,0,0,0,0,0,0,0,0,
0,0,0,0,0,0,0,0,0,0,0,0,0,0,0,0,0,0,0,0,
0,0,0,0,0,0,0,0,0,0,0,0,0,0,0,0,0,0,0,0,
0,0,0,0,0,0,0,0,0,0,0,0,0,0,0,0,0,0,0,0,
0,0,0,0,0,0,0,0,0,0,0,0,0,0,0,0,0,0,0,0,
0,0,0,0,0,0,0,0,0,0,0,0,0,0,0,0,0,0,0,0,
0,0,0,0,0,0,0,0,0,0,0,0,0,0,0,0,0,0,0,0,
0,0,0,0,0,0,0,0,0,0,0,0,0,0,0,0,0,0,0,0,
0,0,0,0,0,0,0,0,0,0,0,0,0,0,0,0,0,0,0,0,
0,0,0,0,0,0,0,0,0,0,0,0,0,0,0,0,0,0,0,0,
0,0,0,0,0,0,0,0,0,0,0,0,0,0,0,0,0,0,0,0,
0,0,0,0,0,0,0,0,0,0,0,0,0,0,0,0,0,0,0,0,
0,0,0,0,0,0,0,0,0,0,0,0,0,0,0,0,0,0,0,0,
0,0,0,0,0,0,0,0,0,0,0,0,0,0,0,0,0,0,0,0,
7483,7484,7485,7486,7483,7484,7485,7485,7486,7486,7486,7486,7486,7486,7483,7484,7485,7486,7487,7488,
7547,7548,7549,7550,7547,7548,7549,7549,7550,7550,7550,7550,7550,7550,7547,7548,7549,7550,7551,7552,
7611,7612,0,0,7611,7612,0,0,0,0,0,0,0,0,7611,7612,0,0,7611,7612,
7675,7676,0,0,7675,7676,0,0,0,0,0,0,0,0,7675,7676,0,0,7675,7676,
0,0,0,0,0,0,0,0,0,0,0,0,0,0,0,0,0,0,0,0,
0,0,0,0,0,0,0,0,0,0,0,0,0,0,0,0,0,0,0,0

[layer]
type=Deco_s_fg
data=
0,0,0,0,0,0,0,0,0,0,0,0,0,0,0,0,0,0,0,0,
0,0,0,0,0,0,0,0,0,0,0,0,0,0,0,0,0,0,0,0,
0,0,0,0,0,0,0,0,0,0,0,0,0,0,0,0,0,0,0,0,
0,0,0,0,0,0,0,0,0,0,0,0,0,0,0,0,0,0,0,0,
0,0,0,0,0,0,0,0,0,0,0,0,0,0,0,0,0,0,0,0,
0,0,0,0,0,0,0,0,0,0,0,0,0,0,0,0,0,0,0,0,
0,0,0,0,0,0,0,0,0,0,0,0,0,0,0,0,0,0,0,0,
0,0,0,0,0,0,0,0,0,0,0,0,0,0,0,0,0,0,0,0,
0,0,0,0,0,0,0,0,0,0,0,0,0,0,0,0,0,0,0,0,
0,0,0,0,0,0,0,0,0,0,0,0,0,0,0,0,0,0,0,0,
0,0,0,0,0,0,0,0,0,0,0,0,0,0,0,0,0,0,0,0,
0,0,0,0,0,0,0,0,0,0,0,0,0,0,0,0,0,0,0,0,
0,0,0,0,0,0,0,0,0,0,0,0,0,0,0,0,0,0,0,0,
0,0,0,0,0,0,0,0,0,0,0,0,0,0,0,0,0,0,0,0,
0,0,0,0,0,0,0,0,0,0,0,0,0,0,0,0,0,0,0,0,
6677,6678,0,0,0,0,0,0,0,0,0,0,0,0,6675,6676,0,0,0,0,
6741,6742,0,0,6677,6678,0,0,0,0,0,0,0,0,6739,6740,0,0,6675,6676,
6805,6806,0,0,6741,6742,0,0,0,0,0,0,0,0,6803,6804,0,0,6739,6740,
6869,6870,0,0,6805,6806,0,0,0,0,0,0,0,0,6867,6868,0,0,6803,6804,
0,0,0,0,6869,6870,0,0,0,0,0,0,0,0,0,0,0,0,6867,6868

[layer]
type=Cloud
data=
0,0,0,0,0,0,0,0,0,0,0,0,0,0,0,0,0,0,0,0,
0,0,0,0,0,0,0,0,0,0,0,0,0,0,0,0,0,0,0,0,
0,0,0,0,0,0,0,0,0,0,0,0,0,0,0,0,0,0,0,0,
0,0,0,0,0,0,0,0,0,0,0,0,0,0,0,0,0,0,0,0,
0,0,0,0,0,0,0,0,0,0,0,0,0,0,0,0,0,0,0,0,
0,0,0,0,0,0,0,0,0,0,0,0,0,0,0,0,0,0,0,0,
0,0,0,0,0,0,0,0,0,0,0,0,0,0,0,0,0,0,0,0,
0,0,0,0,0,0,0,0,0,0,0,0,0,0,0,0,0,0,0,0,
0,196,197,198,0,0,0,0,196,197,198,198,0,0,0,0,0,0,0,0,
0,0,196,196,196,197,198,0,196,197,198,198,0,0,0,0,0,0,0,0,
0,0,0,0,196,196,196,197,196,197,198,0,0,0,0,0,0,0,0,0,
0,0,0,0,0,0,196,196,196,196,197,198,0,0,0,0,0,0,0,0,
0,0,0,0,0,0,0,196,197,196,197,198,0,0,0,0,0,0,0,0,
0,0,0,0,0,196,196,197,198,198,198,0,0,0,0,0,0,0,0,0,
0,0,0,0,0,0,0,0,0,0,0,0,0,0,0,0,0,0,0,0,
0,0,0,0,0,0,0,0,0,0,0,0,0,0,0,0,0,0,0,0,
0,0,0,0,0,0,0,0,0,0,0,0,0,0,0,0,0,0,0,0,
0,0,0,0,0,0,0,0,0,0,0,0,0,0,0,0,0,0,0,0,
0,0,0,0,0,0,0,0,0,0,0,0,0,0,0,0,0,0,0,0,
0,0,0,0,0,0,0,0,0,0,0,0,0,0,0,0,0,0,0,0

